0
1
4
6
8
9
10
12
14
15
16
18
6469693230
197350367276512921
164657125165681801
111292414121201329
343715928517505569
256113645513804961
99013553097684481
966271182224137969
43365130806047521
428739785748111049
202825150117043689
186815258500573559
128103162108387863
47971351673126243
383961425831683699
568715926411367807
227945348872670027
116743603992834307
203998614210772547
330961832769883111
66713612269457819
111650888385855
10054623386925
526238633683917
40556838497175
21306967329375
49561854841125
8290909254375
87591939332625
18063750487516461
43850224207647
1048501290375
197782362622845
110085237434403
579811782042675
90810675192825
631350693455625
2628298527883875
114384879533925
134320943381625